0.134135
0.109806
0.106986
0.102037
0.0989274
0.0966982
0.110997
0.101733
0.105378
0.212748
0.137698
0.136721
0.101532
0.0965247
0.0905673
0.0928281
0.103222
0.117636
0.101692
0.141685
0.10733
0.145358
0.10821
0.103969
0.174335
0.11711
0.137272
0.123375
0.105634
0.204366
0.154664
0.232406
0.176887
0.136094
0.219227
0.156933
0.132791
0.182869
0.168517
0.127226
0.179016
0.172481
0.133079
0.167909
0.178286
0.278947
0.164701
0.175551
0.118879
0.172377
0.177692
0.122373
0.148854
0.151079
0.134992
0.14179
0.166373
0.158184
0.129009
0.135631
0.168168
0.139675
0.112482
0.122137
0.15315
0.11827
0.101375
0.144498
0.14119
0.147513
0.139473
0.138021
0.122042
0.112499
0.134561
0.132066
0.126445
0.122129
0.127084
0.135251
0.132592
0.134275
0.127501
0.137091
0.136629
0.115932
0.130098
0.135304
0.138252
0.115106
0.114394
0.140514
0.120676
0.126455
0.103244
0.125012
0.125012
0.186615
0.161577
0.100754
0.115382
0.0837772
0.103271
0.0897017
0.0883271
0.0809192
0.0774261
0.0789207
0.0895386
0.124642
0.116671
0.0880077
0.101403
0.0958929
0.0811487
0.0794622
0.082225
0.0759137
0.0957741
0.0895234
0.0792409
0.0896817
0.075682
0.0703562
0.0860335
0.0785251
0.070926
0.0902013
0.0783287
0.0733895
0.0919436
0.123292
0.112474
0.0972973
0.0997206
0.0969197
0.0875681
0.0909976
0.0968711
0.078748
0.068608
0.0890711
0.0764684
0.0804001
0.0899954
0.0886586
0.0752953
0.0867254
0.0790998
0.0883675
0.0888028
0.0635922
0.0936119
0.0841603
0.0865309
0.130283
0.0707362
0.0627438
0.0856002
0.12225
0.0751009
0.0690951
0.0913588
0.096596
0.0677877
0.0871386
0.104048
0.0888474
0.0663433
0.0701116
0.0829164
0.0840708
0.0831107
0.0639318
0.0646841
0.0940072
0.100575
0.080179
0.0920417
0.0885656
0.0748854
0.0988699
0.107521
0.0808809
0.0851771
0.103863
0.0934771
0.0760603
0.0862901
0.104812
0.0951787
0.0886954
0.0931513
0.107941
0.102872
0.0963505
0.0913613
0.105495
0.117031
0.0914594
0.0752218
0.10534
0.103764
0.0902826
0.0806508
0.10328
0.108365
0.105372
0.098457
0.120374
0.108124
0.105332
0.109949
0.104397
0.114015
0.118657
0.104905
0.0878535
0.10674
0.111442
0.126893
0.0999491
0.104429
0.130768
0.122661
0.132715
0.109399
0.133268
0.116382
0.107463
0.104411
0.131774
0.126269
0.115405
0.11557
0.141373
0.113607
0.0895285
0.121355
0.113252
0.116212
0.0913057
0.10655
0.109887
0.12117
0.0889795
0.0995417
0.126126
0.131561
0.0897557
0.116549
0.110101
0.108511
0.0926873
0.101864
0.119151
0.0981216
0.0791421
0.115379
0.110772
0.0997766
0.0942511
0.113916
0.103454
0.0892313
0.0981069
0.11647
0.115145
0.0950779
0.110027
0.11462
0.121615
0.0917306
0.0800189
0.0751009
0.074347
0.103704
0.121867
0.0979399
0.0831048
0.0954692
0.124801
0.104445
0.120292
0.113408
0.0920803
0.0824571
0.111381
0.124606
0.0950854
0.109449
0.123229
0.0927814
0.0858062
0.0813832
0.106632
0.116668
0.0992264
0.091685
0.0844604
0.112494
0.122005
0.102634
0.119478
0.195998
0.148124
0.40257
1.05489
0.151211
0.132189
0.1059
0.0918449
0.0915877
0.11974
0.132383
0.109927
0.100224
0.105213
0.121296
0.119459
0.102312
0.132763
0.12351
0.127066
0.101387
0.115634
0.122592
0.114581
0.0933854
0.104421
0.125593
0.102265
0.0892466
0.108109
0.125832
0.0816575
0.114055
0.114427
0.112683
0.135663
0.108831
0.104554
0.114021
0.114572
0.0871879
0.103104
0.118392
0.0855374
0.104464
0.114984
0.0849621
0.08168
0.0839442
0.10987
0.109612
0.103945
0.0876741
0.100002
0.0842273
0.107986
0.112042
0.115268
0.0800835
0.100767
0.111825
0.107391
0.0889882
0.113855
0.116313
0.0935609
0.105492
0.113117
0.0955814
0.121784
0.123348
0.104102
0.0837189
0.0981782
0.117738
0.125248
0.0953243
0.10655
0.101782
0.107353
0.0915947
0.102482
0.126333
0.0985688
0.108246
0.0743206
0.0829979
0.0822237
0.0867899
0.102158
0.112443
0.112837
0.0878314
0.0860543
0.0862283
0.0920218
0.0874747
0.079189
0.0824625
0.0775894
0.109387
0.122557
0.11277
0.0898711
0.0803045
0.0775184
0.0831129
0.087352
0.0854655
0.0871152
0.082615
0.0796509
0.0892904
0.0778029
0.101076
0.117495
0.0948988
0.0891908
0.104274
0.128887
0.124182
0.0880204
0.0852317
0.0893233
0.0849549
0.0807348
0.0871564
0.0795561
0.115606
0.113834
0.108277
0.0994561
0.0881803
0.0857942
0.106653
0.116155
0.103863
0.0952829
0.0857361
0.0920772
0.090426
0.124753
0.107908
0.0936235
0.0912886
0.102281
0.138796
0.12198
0.0914939
0.102775
0.142127
0.135568
0.106875
0.110896
0.116075
0.141691
0.116074
0.109509
0.127614
0.120921
0.112658
0.11463
0.164856
0.144934
0.111901
0.107289
0.13312
0.117442
0.123388
0.112841
0.133783
0.138263
0.114672
0.125359
0.16267
0.109972
0.106468
0.0896388
0.100652
0.120577
0.11859
0.111549
0.0985743
0.109945
0.118101
0.123386
0.112937
0.124726
0.124511
0.123618
0.123094
0.111222
0.105137
0.0847367
0.104029
0.119587
0.135516
0.112539
0.115947
0.124578
0.127001
0.149442
0.0946621
0.105371
0.120996
0.11646
0.113391
0.106742
0.103558
0.124244
0.117586
0.132192
0.116896
0.0997084
0.142244
0.113111
0.115281
0.0947043
0.111927
0.131736
0.120817
0.133088
0.0985246
0.0902734
0.105009
0.122282
0.114527
0.157786
0.111433
0.11458
0.134734
0.129055
0.11711
0.106819
0.100393
0.139945
0.120249
0.12261
0.0992408
0.108008
0.149914
0.113247
0.114536
0.111793
0.114902
0.128812
0.117389
0.116261
0.100123
0.125165
0.137166
0.114492
0.118797
0.12703
0.109522
0.125875
0.122902
0.124986
0.129219
0.0943827
0.0994969
0.122623
0.108893
0.113064
0.0973737
0.08796
0.127414
0.123511
0.125463
0.112714
0.104349
0.0875996
0.0912797
0.0983379
0.0945331
0.100352
0.0828792
0.0844339
0.0762119
0.0734629
0.0825249
0.0714483
0.081917
0.0660898
0.0704008
0.0688505
0.0684434
0.0648216
0.0707981
0.0643108
0.0715693
0.0704548
0.0694127
0.0710471
0.0710883
0.0728551
0.0651341
0.0715753
0.0684475
0.0671653
0.0652124
0.074492
0.0675103
0.0917583
0.113241
0.127717
0.0952331
0.0853568
0.0748665
0.0722875
0.0781661
0.0792016
0.0732646
0.0697888
0.0701019
0.090886
0.101501
0.108947
0.110505
0.0937207
0.103923
0.123981
0.110744
0.150628
0.12508
0.0881872
0.0950164
0.097321
0.119828
0.107559
0.11203
0.10001
0.0891199
0.0898445
0.105672
0.107812
0.099661
0.0867902
0.0823818
0.101332
0.130282
0.111686
0.0964028
0.0937785
0.0851013
0.0965611
0.0926586
0.0953083
0.0876047
0.107566
0.0928642
0.092084
0.0971753
0.0966869
0.102446
0.108162
0.117564
0.103812
0.108791
0.0974445
0.0964473
0.11892
0.101728
0.0886985
0.105317
0.0960932
0.137643
0.100539
0.0954334
0.0997288
0.119732
0.112052
0.117995
0.0967855
0.0887834
0.119732
0.117081
0.10393
0.102893
0.11934
0.105746
0.096166
0.126159
0.115847
0.13472
0.12117
0.127268
0.129219
0.109336
0.103986
0.127087
0.110201
0.0939736
0.108453
0.114207
0.12318
0.123399
0.111161
0.124179
0.157954
0.109288
0.128046
0.117865
0.103451
0.109946
0.123766
0.111636
0.105656
0.0939184
0.137528
0.114389
0.0999986
0.113568
0.168639
0.115116
0.113264
0.111068
0.105045
0.0992811
0.107208
0.101473
0.109033
0.106529
0.10056
0.0957982
0.0963952
0.110234
0.115592
0.0991829
0.0985701
0.0944961
0.106473
0.100817
0.0871933
0.0872587
0.0875303
0.0906002
0.0961611
0.0916832
0.109512
0.0939365
0.0934997
0.10707
0.0877145
0.11694
0.0891184
0.0968197
0.0782825
0.0799425
0.0787362
0.0809816
0.0879975
0.106813
0.0892488
0.083474
0.0894377
0.0836606
0.105063
0.0816699
0.0727895
0.102697
0.0814314
0.0806353
0.0840867
0.0883195
0.0999546
0.0801586
0.0806863
0.0758506
0.0767503
0.0712557
0.093236
0.0920603
0.0799283
0.0785355
0.080688
0.0775478
0.072913
0.120281
0.0747553
0.0704487
0.0721086
0.0728044
0.0745242
0.0923349
0.0887487
0.0779422
0.0751099
0.0814918
0.0873157
0.0779641
0.0998346
0.0834319
0.0752727
0.0852096
0.0959737
0.0739409
0.0752521
0.0967819
0.0870412
0.0751182
0.0809269
0.0818761
0.103325
0.0880586
0.0804183
0.0877864
0.0778929
0.0790045
0.0750865
0.0770571
0.0799322
0.0938816
0.0803671
0.104106
0.0920986
0.0913733
0.077076
0.0741944
0.0744592
0.0796073
0.076885
0.0782791
0.082691
0.0722785
0.100436
0.0894003
0.0849873
0.0950021
0.0833685
0.0796955
0.0814812
0.0818009
0.0786076
0.07391
0.0756291
0.09507
0.114808
0.0836202
0.0819854
0.103962
0.100889
0.0836317
0.0865759
0.0764999
0.101664
0.107942
0.0924903
0.0897474
0.0762334
0.0982504
0.110641
0.08548
0.0885465
0.0826474
0.0755679
0.113692
0.101959
0.107598
0.0814896
0.0962823
0.112331
0.0988475
0.105392
0.126581
0.110017
0.113207
0.109081
0.113761
0.0963775
0.105496
0.151294
0.109203
0.106956
0.121773
0.110451
0.105248
0.111986
0.135781
0.140156
0.103434
0.137557
0.123387
0.160339
0.103921
0.113857
0.161107
0.131962
0.111031
0.11022
0.122638
0.123049
0.110024
0.106663
0.109832
0.149805
0.118179
0.103085
0.0982688
0.111596
0.118429
0.125351
0.105211
0.0952887
0.110747
0.130255
0.107177
0.107303
0.109664
0.150008
0.127518
0.117256
0.116398
0.112001
0.100934
0.116495
0.120608
0.115438
0.0973975
0.0880724
0.105912
0.120543
0.146977
0.125516
0.0990071
0.10696
0.130966
0.107601
0.136534
0.0987661
0.107514
0.114121
0.131826
0.119431
0.113844
0.10697
0.126884
0.125933
0.100859
0.0984823
0.11008
0.120812
0.110143
0.119197
0.112341
0.115472
0.124889
0.115582
0.167472
0.107486
0.11028
0.144317
0.134374
0.132566
0.105975
0.0919211
0.0885144
0.114327
0.12497
0.116706
0.158959
0.108679
0.102232
0.11894
0.134443
0.133209
0.135652
0.116661
0.128587
0.141859
0.118604
0.174232
0.109471
0.108391
0.106434
0.127198
0.115716
0.127072
0.122561
0.104136
0.115566
0.12747
0.119525
0.18244
0.115259
0.107888
0.118907
0.129776
0.12329
0.134364
0.123631
0.102717
0.121989
0.141447
0.147038
0.128516
0.134829
0.102389
0.116272
0.132357
0.118111
0.126895
0.125315
0.108992
0.0950736
0.187266
0.122417
0.118259
0.121878
0.104506
0.103953
0.115612
0.126133
0.131399
0.129644
0.10394
0.0976441
0.132934
0.133448
0.105139
0.139505
0.139687
0.107936
0.114425
0.12537
0.123589
0.142539
0.124328
0.145056
0.122223
0.240326
0.122001
0.126209
0.124771
0.103304
0.113276
0.12798
0.121068
0.138676
0.114827
0.107769
0.0961293
0.119094
0.12075
0.123025
0.125901
0.122495
0.106582
0.0968371
0.10944
0.134277
0.136502
0.125287
0.0884727
0.0894167
0.0874979
0.0959296
0.0822682
0.10895
0.102671
0.144144
0.142025
0.132876
0.108544
0.110463
0.0790456
0.0784526
0.0805421
0.0793741
0.0814472
0.0909651
0.0992725
0.132254
0.122253
0.116479
0.106224
0.108564
0.122001
0.116093
0.17789
0.130782
0.107116
0.0884763
0.083999
0.0933701
0.0867828
0.0848198
0.0791051
0.0754611
0.0789931
0.0797658
0.0739843
0.114224
0.141351
0.115365
0.162139
0.10754
0.0919568
0.0774495
0.0930104
0.0839599
0.0827398
0.128356
0.141444
0.130263
0.138659
0.102036
0.0832728
0.0737337
0.0809301
0.0829903
0.110967
0.0875064
0.090594
0.0807292
0.0768465
0.0838098
0.091136
0.117402
0.164467
0.13134
0.10587
0.124312
0.15349
0.132996
0.130466
0.15564
0.0906415
0.102963
0.163483
0.12148
0.123357
0.0972926
0.103959
0.130839
0.11428
0.123692
0.116071
0.112601
0.104333
0.105102
0.11972
0.110632
0.122201
0.104098
0.124993
0.139609
0.111453
0.126579
0.106074
0.0967651
0.100842
0.142835
0.121862
0.124345
0.105312
0.0939001
0.103755
0.135869
0.120461
0.12411
0.138086
0.108645
0.103083
0.115067
0.151774
0.121904
0.122158
0.114842
0.0951784
0.115226
0.125283
0.104117
0.118528
0.107658
0.10788
0.0909841
0.100509
0.145289
0.115502
0.113215
0.097406
0.117159
0.123936
0.102367
0.107203
0.109899
0.100264
0.0877389
0.0857437
0.0719009
0.0768317
0.0825575
0.0752699
0.0947209
0.0685516
0.0882701
0.163215
0.12876
0.123035
0.101061
0.0940812
0.0773472
0.0816891
0.0838026
0.107257
0.136496
0.109603
0.137588
0.107897
0.082818
0.0988355
0.125212
0.101951
0.101425
0.118447
0.098598
0.123178
0.109497
0.109138
0.135036
0.0990269
0.11864
0.0733328
0.092319
0.126765
0.110103
0.118782
0.10089
0.0952646
0.0922528
0.124388
0.0910009
0.126344
0.117902
0.141852
0.149405
0.133684
0.125656
0.117523
0.0859768
0.100858
0.107138
0.133641
0.107862
0.109861
0.0971001
0.126887
0.138819
0.0981888
0.114929
0.119069
0.0973393
0.107493
0.112618
0.124331
0.147871
0.113161
0.0988964
0.0849372
0.0806102
0.0991563
0.116594
0.140612
0.139022
0.161272
0.123323
0.0965016
0.122262
0.147896
0.140458
0.159159
0.167768
0.094596
0.123244
0.117727
0.139023
0.155296
0.116216
0.124196
0.110617
0.14135
0.13417
0.170805
0.146888
0.12027
0.142372
0.156833
0.118488
0.156035
0.132223
0.11631
0.12103
0.14143
0.126626
0.157617
0.134186
0.133656
0.163349
0.150913
0.128786
0.162464
0.130227
0.133056
0.11416
0.13247
0.152636
0.181235
0.177439
0.104132
0.142124
0.162421
0.132012
0.184067
0.131565
0.151887
0.139257
0.156047
0.130308
0.247925
0.148546
0.123103
0.102569
0.134198
0.142381
0.158279
0.171251
0.169174
0.12742
0.138305
0.215166
0.161809
0.180956
0.144768
0.124242
0.124766
0.137698
0.162729
0.176453
0.159815
0.145772
0.128465
0.146795
0.152501
0.16299
0.154253
0.140768
0.146563
0.176929
0.146811
0.185241
0.164268
0.143978
0.102194
0.130636
0.172982
0.121951
0.135833
0.159192
0.125314
0.142936
0.138377
0.13639
0.181449
0.148715
0.132273
0.109606
0.093595
0.0995984
0.133259
0.156154
0.144829
0.149732
0.137751
0.116346
0.177486
0.1755
0.135777
0.155023
0.136182
0.148839
0.130041
0.156036
0.118665
0.136797
0.141425
0.149897
0.129309
0.154634
0.127061
0.129102
0.136477
0.1267
0.102617
0.101978
0.130495
0.117509
0.136197
0.164314
0.146191
0.0996395
0.093193
0.0907013
0.0971826
0.0940218
0.0914763
0.116405
0.15729
0.133545
0.147748
0.131713
0.144992
0.113379
0.089558
0.0838133
0.0947394
0.0868576
0.0844802
0.094204
0.0876085
0.0892871
0.0993288
0.152021
0.148755
0.173254
0.145422
0.141133
0.0821721
0.0891489
0.0844632
0.0999049
0.0988305
0.0958036
0.130901
0.15504
0.121154
0.162188
0.122645
0.131152
0.110896
0.154979
0.118781
0.13576
0.103763
0.0967925
0.122581
0.125474
0.125093
0.117023
0.0882308
0.0861919
0.0900457
0.158546
0.11773
0.118119
0.114871
0.0970589
0.104555
0.124844
0.12556
0.106389
0.091895
0.0954836
0.0871403
0.0890977
0.10111
0.170044
0.133573
0.106802
0.133136
0.128898
0.120494
0.107844
0.11801
0.117353
0.113242
0.127844
0.111307
0.0921865
0.173145
0.132368
0.113695
0.103523
0.115131
0.124192
0.100155
0.115368
0.106724
0.0876273
0.096962
0.138953
0.113745
0.150833
0.116617
0.124319
0.113005
0.323982
0.12738
0.0976095
0.130012
0.112381
0.121401
0.136467
0.115332
0.175072
0.122275
0.133384
0.125189
0.124004
0.114178
0.0917382
0.116581
0.11399
0.100928
0.0877316
0.0844115
0.0999042
0.14019
0.0994259
0.0964309
0.0889811
0.114684
0.104911
0.0988679
0.0902019
0.0900058
0.0858094
0.0895612
0.120608
0.116495
0.0927082
0.111821
0.125042
0.103861
0.0974992
0.10453
0.0898945
0.0855372
0.0923835
0.0885996
0.0853247
0.13221
0.105651
0.101085
0.113964
0.144095
0.118117
0.101226
0.141392
0.11451
0.105501
0.0837121
0.0946845
0.134716
0.126154
0.095552
0.0829613
0.0891712
0.090769
0.121235
0.123232
0.10731
0.0930988
0.141196
0.127055
0.096401
0.130864
0.123128
0.125316
0.115205
0.144891
0.1209
0.112703
0.0942654
0.089557
0.130708
0.139558
0.109141
0.0993092
0.1386
0.140069
0.153349
0.108676
0.11702
0.144251
0.15039
0.118699
0.0819464
0.089213
0.0890247
0.132275
0.139511
0.163658
0.121738
0.131947
0.109081
0.143791
0.107218
0.145904
0.149763
0.12274
0.11559
0.0819013
0.106198
0.18119
0.139012
0.10561
0.125648
0.136619
0.11903
0.102662
0.115056
0.124785
0.130396
0.120154
0.197281
0.103254
0.117906
0.0972532
0.0953956
0.133466
0.133362
0.0924658
0.084587
0.0881484
0.0806992
0.117006
0.152258
0.134384
0.108978
0.0897546
0.0811881
0.103407
0.124056
0.12166
0.104344
0.0947106
0.112454
0.123607
0.190259
0.0979702
0.0835479
0.122146
0.127126
0.116396
0.114597
0.113166
0.123243
0.096162
0.0945869
0.104241
0.171447
0.129139
0.121474
0.0917282
0.0917569
0.0972725
0.120562
0.13395
0.112048
0.0775836
0.129048
0.15043
0.140468
0.108372
0.122256
0.138052
0.133628
0.11291
0.104029
0.123577
0.130177
0.133521
0.116377
0.131078
0.131328
0.146516
0.192594
0.122153
0.16811
0.162207
0.161216
0.112303
0.180006
0.140066
0.152081
0.118886
0.0952876
0.0947962
0.0949973
0.0894099
0.128484
0.153246
0.171481
0.119313
0.0925666
0.107919
0.204401
0.147842
0.110988
0.106898
0.121168
0.137611
0.129407
0.137312
0.132958
0.118292
0.112586
0.100677
0.110827
0.120799
0.124056
0.115981
0.178213
0.124353
0.151997
0.101025
0.0879504
0.0772917
0.0976997
0.0794983
0.0889747
0.0991063
0.135578
0.133343
0.129737
0.132331
0.0997334
0.117037
0.149642
0.132955
0.100436
0.112509
0.17305
0.137344
0.126276
0.0937195
0.125372
0.14439
0.151788
0.121707
0.145788
0.15763
0.174873
0.114002
0.0957267
0.130445
0.158521
0.154318
0.111139
0.0966791
0.0968364
0.193612
0.146656
0.127093
0.133936
0.163537
0.135274
0.162295
0.120323
0.126764
0.143422
0.163261
0.13143
0.134721
0.158417
0.1501
0.13823
0.123627
0.116384
0.157786
0.123891
0.140841
0.116663
0.128535
0.140693
0.16069
0.173877
0.109052
0.112472
0.153532
0.149661
0.130153
0.106765
0.1213
0.168203
0.108011
0.143897
0.114523
0.157111
0.152774
0.127701
0.117536
0.0975605
0.0888133
0.091787
0.116976
0.148771
0.137596
0.114489
0.0969214
0.125291
0.15034
0.125872
0.12014
0.149683
0.26512
0.173433
0.124007
0.101059
0.108926
0.134683
0.13463
0.112401
0.196112
0.12377
0.0933048
0.0836595
0.0790424
0.0787359
0.0842898
0.117758
0.123394
0.0894819
0.0774637
0.115355
0.144519
0.0850517
0.0834622
0.11544
0.123363
0.108907
0.0818637
0.120504
0.14486
0.0969252
0.0881548
0.183639
0.100148
0.0860359
0.0863996
0.128875
0.0981252
0.091477
0.12398
0.12322
0.0930894
0.178005
0.137544
0.150824
0.137155
0.103062
0.125749
0.141218
0.100464
0.164712
0.156904
0.111623
0.144729
0.145404
0.112205
0.137214
0.130474
0.112574
0.11573
0.189951
0.150904
0.106834
0.166015
0.134507
0.121475
0.100693
0.0990325
0.0928527
0.151281
0.178856
0.116569
0.101274
0.155108
0.143954
0.117693
0.101417
0.208712
0.131464
0.124302
0.144807
0.141251
0.114258
0.105685
0.151392
0.158991
0.11621
0.102245
0.169377
0.196829
0.13063
0.10163
0.159
0.185246
0.119672
0.114765
0.15932
0.164914
0.135111
0.122616
0.103418
0.15468
0.149372
0.170829
0.135016
0.16287
0.150917
0.153745
0.125172
0.130201
0.176959
0.16411
0.105026
0.144969
0.145651
0.153309
0.112195
0.14975
0.138947
0.150355
0.104189
0.131793
0.148591
0.142774
0.10215
0.0955076
0.094723
0.0967327
0.0956104
0.177799
0.183899
0.112561
0.0970442
0.0970744
0.0866225
0.0926554
0.0957822
0.147202
0.207908
0.135364
0.113169
0.0911726
0.0901453
0.0852668
0.0939892
0.177243
0.176037
0.118853
0.102566
0.094735
0.0944844
0.09769
0.0871769
0.188357
0.18884
0.120425
0.103685
0.141923
0.167224
0.130451
0.100906
0.105657
0.177268
0.184931
0.127722
0.107549
0.0907754
0.10303
0.13342
0.177274
0.155311
0.114603
0.0983454
0.144013
0.173735
0.141708
0.122218
0.107236
0.143759
0.165252
0.129605
0.115218
0.196904
0.190272
0.127068
0.131352
0.176283
0.196993
0.141766
0.150482
0.179027
0.147674
0.173785
0.135164
0.150103
0.162296
0.204023
0.134036
0.169534
0.167848
0.195533
0.131189
0.193034
0.199835
0.194418
0.127115
0.153052
0.152726
0.162684
0.12258
0.116273
0.160952
0.172124
0.149567
0.148712
0.112839
0.145954
0.170797
0.174194
0.147179
0.128377
0.132205
0.156073
0.174733
0.130917
0.115269
0.152925
0.168749
0.150231
0.122317
0.125044
0.15919
0.173235
0.186034
0.196431
0.0992148
0.120414
0.171595
0.145376
0.197171
0.162996
0.175524
0.229067
0.188059
0.152762
0.18433
0.214537
0.2057
0.132433
0.11612
0.107994
0.169967
0.192269
0.192762
0.148359
0.190471
0.165416
0.200486
0.151765
0.138896
0.19915
0.207467
0.211618
0.177463
0.160073
0.131033
0.121759
0.119414
0.116651
0.120078
0.166128
0.210134
9e-07
